32
(379,134)->(215,208)
(215,208)->(235,298)
(235,298)->(583,327)
(583,327)->(594,212)
(594,212)->(530,147)
(530,147)->(333,196)
(333,196)->(328,324)
(328,324)->(285,390)
(285,390)->(204,393)
(204,393)->(185,272)
(185,272)->(202,155)
(202,155)->(299,144)
(299,144)->(488,342)
(488,342)->(320,426)
(320,426)->(150,401)
(150,401)->(227,165)
(227,165)->(506,151)
(506,151)->(634,347)
(634,347)->(515,491)
(515,491)->(401,512)
(385,265)->(384,309)
(384,309)->(371,277)
(472,226)->(447,213)
(447,213)->(477,274)
(477,274)->(502,203)
(502,203)->(472,164)
(472,164)->(451,112)
(347,100)->(239,80)
(239,80)->(153,161)
(153,161)->(130,262)
(665,132)->(670,253)
(670,253)->(497,294)
